name of file,instr count,instr count after op,diff,% reduction
000-addition-float,10,0,10,100.00
000-addition,12,0,12,100.00
000-addition2,10,0,10,100.00
000-assert,38,0,38,100.00
000-assign-add-float,44,44,0,0.00
000-assign-add,44,44,0,0.00
000-assign-div-float,30,30,0,0.00
000-assign-div,30,30,0,0.00
000-assign-mul-float,44,44,0,0.00
000-assign-mul,44,44,0,0.00
000-assign-rem,30,30,0,0.00
000-assign-sub-float,44,44,0,0.00
000-assign-sub,44,44,0,0.00
000-double-start-func,128,98,30,23.44
000-lambda-10-shadow,303,258,45,14.85
000-lambda-11,153,153,0,0.00
000-lambda-12,153,153,0,0.00
000-lambda-13,224,224,0,0.00
000-lambda-14,279,279,0,0.00
000-lambda-15,373,373,0,0.00
000-lambda-16,119,105,14,11.76
000-lambda-17,138,124,14,10.14
000-lambda-18,119,105,14,11.76
000-lambda-19,149,135,14,9.40
000-lambda-2,149,135,14,9.40
000-lambda-3,176,162,14,7.95
000-lambda-4,176,162,14,7.95
000-lambda-5,180,166,14,7.78
000-lambda-6,157,143,14,8.92
000-lambda-7,1070,929,141,13.18
000-lambda-8,411,369,42,10.22
000-lambda-9,151,137,14,9.27
000-lambda-simple,64,49,15,23.44
000-lambda,141,127,14,9.93
000-negate-float,16,0,16,100.00
000-negate-int,16,0,16,100.00
000-negative,40,40,0,0.00
000-post-dcr-float,26,26,0,0.00
000-post-dcr,26,26,0,0.00
000-post-incr-float,26,26,0,0.00
000-post-incr,26,26,0,0.00
000-pre-dcr-float,24,24,0,0.00
000-pre-dcr,24,24,0,0.00
000-pre-incr-float,24,24,0,0.00
000-pre-incr,24,24,0,0.00
000-relational,58,58,0,0.00
001-assert-add,16,0,16,100.00
002-assert-mul,12,0,12,100.00
003-mul-add,20,0,20,100.00
004-assert-if,11,0,11,100.00
005-let,13,13,0,0.00
006-let-shadow,26,26,0,0.00
007-subtyping-array,221,221,0,0.00
007-subtyping,12,12,0,0.00
008-sub,20,0,20,100.00
008-xor,16,0,16,100.00
009-mutable-vars,16,16,0,0.00
009-rem,16,0,16,100.00
010-div,22,0,22,100.00
010-mutable-vars,26,26,0,0.00
011-mutable-vars,32,32,0,0.00
011-sqrt,51,51,0,0.00
012-max-int-simple,26,26,0,0.00
012-min-int-simple,26,26,0,0.00
012-min-max-float-simple,20,20,0,0.00
012-min-max,98,98,0,0.00
012-mutable-vars,34,34,0,0.00
013-do-while-ones,26,26,0,0.00
013-do-while,26,26,0,0.00
013-mutable-vars-fun,22,22,0,0.00
013-mutable-vars,46,42,4,8.70
014-while-do,30,30,0,0.00
015-fun,13,13,0,0.00
016-do-while,42,42,0,0.00
016-fun,27,27,0,0.00
017-fun,42,42,0,0.00
018-fun-pased-to-fun-multiple,21,21,0,0.00
018-fun-pased-to-fun,14,14,0,0.00
018-fun,13,13,0,0.00
019-fun,83,83,0,0.00
020-fun-return,243,241,2,0.82
020-fun,21,21,0,0.00
021-fun,27,27,0,0.00
021-short-circuit-and-2,12,6,6,50.00
021-short-circuit-and-3,21,6,15,71.43
021-short-circuit-and-4,44,0,44,100.00
021-short-circuit-and,21,0,21,100.00
021-short-circuit-or-2,12,6,6,50.00
021-short-circuit-or-3,21,6,15,71.43
021-short-circuit-or,33,0,33,100.00
022-fun,79,79,0,0.00
023-fun-nested-2,66,64,2,3.03
023-fun-nested-closure-2,115,115,0,0.00
023-fun-nested-closure,115,115,0,0.00
023-fun-nested,68,68,0,0.00
023-fun-seq-drop,106,64,42,39.62
023-fun,13,13,0,0.00
023-struct-field-assign-simple,45,45,0,0.00
023-struct-field-sel,227,206,21,9.25
024-struct-field-assign,165,165,0,0.00
025-struct-field-assign,165,165,0,0.00
026-for-2,41,41,0,0.00
026-for-3,28,28,0,0.00
026-for-4,54,52,2,3.70
026-for-5,26,26,0,0.00
026-for,41,41,0,0.00
026-rec-suger,14,14,0,0.00
026-rec,62,62,0,0.00
026-union-match-2,106,105,1,0.94
026-union-match-3,129,129,0,0.00
026-union-match-4,106,105,1,0.94
026-union-match-5,232,231,1,0.43
026-union-match,108,108,0,0.00
027-array-function-types,125,125,0,0.00
027-array-simple,111,111,0,0.00
027-tuple-function,57,57,0,0.00
027-tuple,64,64,0,0.00
028-array-length,113,113,0,0.00
029-array-element,218,191,27,12.39
029-array-slice-big,413,377,36,8.72
029-array-slice-length,174,174,0,0.00
029-array-slice-real-big,556,556,0,0.00
029-array-slice-simple,279,252,27,9.68
029-array-slice-simple2,318,282,36,11.32
029-array-slice,310,283,27,8.71
030-array-2,353,353,0,0.00
030-array-2d,388,388,0,0.00
030-array-element-assign,833,617,216,25.93
030-array-inside-array,477,459,18,3.77
030-array,220,220,0,0.00
031-pattern-matching,46,44,2,4.35
031-top-level-2,73,59,14,19.18
031-top-level-3,81,67,14,17.28
031-top-level,13,13,0,0.00
032-pattern-matching,296,296,0,0.00
add-vars,16,16,0,0.00
binarySearch,541,447,94,17.38
bubblesort,1075,885,190,17.67
calcualtor,394,331,63,15.99
counter-plus,256,221,35,13.67
counter,232,197,35,15.09
counter2,384,321,63,16.41
counter3,465,388,77,16.56
counter4,564,487,77,13.65
counter5,232,197,35,15.09
currying,141,113,28,19.86
exam,322,322,0,0.00
example-26,37,37,0,0.00
example-29-a,26,26,0,0.00
example-29-b,32,32,0,0.00
example-29-c,34,34,0,0.00
example-29-d,46,42,4,8.70
example-3,23,23,0,0.00
example-34,243,228,15,6.17
example-64,46,46,0,0.00
func-export,18,18,0,0.00
functions,243,228,15,6.17
greaterOrEqual,24,0,24,100.00
groceries-list,368,361,7,1.90
higer-order-function-array,1038,768,270,26.01
higer-order-function,45,45,0,0.00
hygge-struct,177,177,0,0.00
hygge-union-2,26,26,0,0.00
hygge-union-3,70,67,3,4.29
hygge-union-arrays,236,236,0,0.00
hygge-union-structs,210,206,4,1.90
hygge-union,98,98,0,0.00
if-return,750,460,290,38.67
insertionSort,810,626,184,22.72
letClousure,244,237,7,2.87
linearSearch,476,383,93,19.54
mem-loop,73,73,0,0.00
memory-grow,142,142,0,0.00
memory-static,3,3,0,0.00
mergeSort,1435,1244,191,13.31
multiplier,82,68,14,17.07
mut-var-export,10,10,0,0.00
println,30,30,0,0.00
quickSort,979,794,185,18.90
rec-countdown-2,82,82,0,0.00
rec-countdown-3,152,152,0,0.00
rec-countdown-4,147,147,0,0.00
rec-countdown,64,64,0,0.00
rec-fun-1,16,16,0,0.00
rec-fun,16,16,0,0.00
selectionSort,855,668,187,21.87
simple-struct-field-sel,123,123,0,0.00
string-length,33,33,0,0.00
struct-simple,56,56,0,0.00
var-export-nested,23,23,0,0.00
var-export,10,10,0,0.00
